50
2001 5 20
1940 3 3
1981 10 12
1952 2 2
1924 11 29
1904 6 25
1995 4 13
1941 7 4
1968 9 15
1929 10 12
1918 1 10
1970 5 5
1987 3 3
1946 8 20
1913 12 11
1920 10 10
1931 4 1
1957 8 8
1997 6 29
1911 2 5
1982 11 17
1994 12 28
1969 3 21
1979 9 11
1938 5 7
1949 6 19
2003 2 8
1922 8 2
1965 12 14
1916 4 18
1930 3 28
1909 1 22
1985 10 3
1954 7 15
1976 4 4
1944 11 21
1959 6 10
1926 5 18
1992 8 30
1983 9 9
1973 12 6
1996 1 11
1947 7 7
1921 9 25
1914 6 2
2000 3 3
1919 10 19
1955 11 11
1963 12 30
1971 2 12
1990 5 9
